,Close,LPA,Receita_Liquida,Ativo_Circulante,Passivo_Circulante,Capital_de_Giro,patrimonio_liquido,lucro operacional,Lucro_Líquido,Dividendos,Divida_Líquida,indice_endividamento,Margem_Líquida,ROE,PL,selic,cambio,ipca,icc,pib,balanca_comercial
2011-12-31,12.739495277404785,6.02735,2900805.0,1837765.0,1921012.0,-83247.0,4539434.0,1419624.0,915260.0,232156.0,3662767.0,0.8525428500557558,31.551931274249732,31.273149912522136,2.1136146527752304,11.0,1.8758,0.0650310904062883,0.10881912895821277,4376381.9,27525.1
2012-12-31,11.121885299682617,5.52522,2818988.0,3160189.0,1656421.0,1503768.0,5078230.0,1438128.0,843488.0,6340.0,4447221.0,0.9370085640075381,29.92165982969775,28.319473517347582,2.012930761070621,7.25,2.0435,0.05838568997639171,0.07868680016093665,4814760.0,16908.5
2013-12-31,10.746990203857422,0.2091,981168.0,1590167.0,759272.0,830895.0,4912447.0,-209486.0,31921.0,204092.0,2093989.0,0.4271311222289014,3.2533674151623373,-4.264392063670102,51.396414174354,10.0,2.3426,0.059108180800137466,0.07786877045843177,5331618.7,368.9000000000001
2014-12-31,11.496780395507812,2.44131,1102788.0,1434367.0,475304.0,959063.0,5228612.0,448316.0,379732.0,33703.0,1908831.0,0.365972269504794,34.43381683514873,8.574283194086691,4.709266908138586,11.75,2.6562,0.06407616596391974,0.09985573707758189,5778952.9,-6739.2
2015-12-31,10.697004318237305,3.12807,1287130.0,898826.0,422311.0,476515.0,5515001.0,614054.0,517186.0,2156.0,1817567.0,0.3306802664224358,40.18133366482018,11.13425002098821,3.4196818863507863,14.25,3.9048,0.10673497995621717,0.12496963882843803,5995786.9,17444.9
2016-12-31,14.75,30.20956,7789240.0,1680344.0,597971.0,1082373.0,10297123.0,7393175.0,4949334.0,139946.0,4765352.0,0.46322414522969185,63.5406535169028,71.79845282997978,0.48825603550664093,13.75,3.2591,0.06288055054224473,0.12351231033680699,6269328.2,44544.1
2017-12-31,14.692500114440918,8.28985,2701193.0,2643709.0,789104.0,1854605.0,11199656.0,2047321.0,1385460.0,3112.0,6045932.0,0.5404199021827099,51.2906704556098,18.280213249406945,1.7723481262557126,7.0,3.308,0.029473499083459087,0.0844928110202201,6585479.1,57399.1
2018-12-31,17.22249984741211,11.42337,3184654.0,2899644.0,626698.0,2272946.0,11299525.0,2458858.0,1895245.0,7835.0,7225959.0,0.6409737577464539,59.511802538046524,21.760720030266757,1.5076549080886035,6.5,3.8748,0.03745482121827348,0.06919694694943535,7004140.9,44348.3
2019-12-31,27.520000457763672,3.31559,3305155.0,4933448.0,1615825.0,3317623.0,13761607.0,2341172.0,1779451.0,102079.0,7241516.0,0.5695182982626956,53.83865507063965,17.012344561212945,8.300182006147827,4.5,4.0307,0.04306039984113186,0.05640736044361638,7389130.9,29567.4
2020-12-31,29.350000381469727,5.10182,3696428.0,5507858.0,1372497.0,4135361.0,14125442.0,4427242.0,3382650.0,500513.0,8399579.0,0.7409974144525885,91.51131849450334,31.342325429533464,5.7528490580753,2.0,5.1967,0.04517341500509886,0.04884659497234467,7609597.1,35663.7
2021-12-31,30.600000381469727,4.58139,5534129.0,3747849.0,1229194.0,2518655.0,14792735.0,4437217.0,3037808.0,110543.0,13901372.0,0.9588493270514209,54.892251337111944,29.995920294658156,6.679195698569589,9.25,5.5805,0.10061054893257904,0.06866538519739485,9012142.1,42312.1
2022-12-31,28.950000762939453,3.43345,5450570.0,4670170.0,1293346.0,3376824.0,16536481.0,3490312.0,2319791.0,611208.0,15370546.0,0.9498435005609718,42.56052119319631,21.10673969873034,8.431752541303776,13.75,5.2177,0.05784841959607756,0.11896758095589188,10079676.8,51521.8
2023-12-31,35.45000076293945,4.31202,6215521.0,5978428.0,2444736.0,3533692.0,17791712.0,3942557.0,2892362.0,1247850.0,17873625.0,1.018420487022272,46.534506117829864,22.15951449753683,8.221205087856609,11.75,4.8413,0.04621113930566789,0.0990665877563488,10856112.3,92275.59999999999
